7,95.41
8,96.44
9,95.72
10,96.63
11,96.89
13,97.16
14,96.96
15,97.43
16,97.45
17,97.58
18,97.53
19,97.64
20,96.69
21,97.53
22,97.64
23,97.65
24,97.38
25,97.75
26,97.93
27,97.72
28,97.51
29,97.91
30,97.78
31,97.83
32,97.62
33,98.01
34,97.42
35,97.9
36,97.92
37,97.9
38,98.14
39,97.92
40,97.87
41,97.97
42,98.07
43,97.83
44,97.77
45,98.04
46,97.9
47,98.0
48,98.09
49,97.97
50,98.32
51,98.07
52,97.78
53,98.06
54,98.25
55,98.11
56,98.16
57,98.27
58,97.93
59,98.15
60,98.21
61,98.21
62,97.99
63,98.03
64,98.19
65,98.26
66,98.13
67,98.12
68,98.23
69,98.17
70,98.23
71,98.23
72,98.13
73,98.18
74,98.25
75,98.17
76,98.1
77,98.41
78,98.25
79,98.03
80,98.29
81,98.18
82,98.12
83,97.97
84,98.04
85,98.27
86,98.27
87,98.28
88,98.34
89,98.2
90,98.27
91,98.2
92,98.02
93,98.32
94,97.65
95,98.21
96,98.18
97,98.23
98,98.33
99,98.26
100,97.81
101,98.4
102,98.16
103,98.24
104,98.42
105,98.36
106,98.2
107,98.38
108,98.19
109,98.4
110,98.32
111,98.51
112,98.36
113,98.38
114,98.4
115,98.17
116,98.47
117,98.49
118,98.51
119,98.34
120,98.56
121,98.5
122,98.37
123,98.64
124,98.45
125,98.42
126,98.59
127,98.57
128,98.58
129,98.54
130,98.59
131,98.56
132,98.55
133,98.6
134,98.67
135,98.67
136,98.62
137,98.55
138,98.74
139,98.66
140,98.67
141,98.73
142,98.69
143,98.67
144,98.65
145,98.67
146,98.69
147,98.71
148,98.66
149,98.69
