0,78.51
1,79.56
2,79.73
3,79.63
4,79.51
5,79.47
6,79.8
7,80.14
8,79.68
9,79.67
10,79.42
11,79.19
12,79.07
13,79.45
14,80.03
15,80.0
16,81.0
17,79.67
18,80.27
19,79.62
20,80.19
21,80.54
22,80.03
23,80.44
24,80.52
25,80.47
26,79.02
27,80.58
28,80.62
29,80.91
30,80.35
31,81.34
32,81.2
33,81.64
34,81.2
35,81.59
36,81.15
37,81.44
38,81.41
39,81.61
40,82.36
41,81.7
42,81.65
43,81.2
44,82.27
45,82.55
46,82.03
47,82.24
48,82.19
49,81.47
50,81.81
51,82.54
52,82.23
53,82.23
54,82.82
55,82.16
56,82.7
57,82.77
58,81.51
59,82.46
60,81.73
61,82.66
62,82.86
63,82.61
64,81.31
65,81.85
66,81.81
67,82.78
68,81.63
69,82.34
70,82.26
71,81.86
72,82.62
73,82.03
74,85.15
75,85.63
76,86.08
77,85.41
78,85.59
79,85.25
80,85.73
81,85.57
82,85.12
83,85.36
84,85.81
85,85.52
86,85.34
87,85.65
88,85.12
89,85.06
90,85.37
91,85.21
92,85.24
93,84.86
94,85.48
95,85.29
96,84.87
97,85.08
98,83.52
99,84.74
100,85.29
101,85.01
102,85.52
103,84.64
104,84.72
105,84.99
106,85.33
107,85.04
108,85.05
109,84.43
110,84.59
111,84.24
112,84.95
113,84.24
114,85.05
115,84.78
116,84.46
117,84.36
118,84.58
119,84.75
120,84.72
121,84.99
122,84.09
123,84.13
124,85.06
125,84.5
126,84.64
127,84.18
128,84.74
129,84.53
130,84.53
131,84.41
132,84.77
133,84.52
134,84.23
135,84.58
136,84.29
137,83.78
138,84.33
139,84.06
140,84.26
141,84.28
142,84.01
143,84.2
144,84.2
145,84.4
146,84.44
147,84.4
148,84.43
149,84.41
